%YAML:1.0
---
type: IMU
name: A3
Gyr:
   unit: " rad/s"
   avg-axis:
      gyr_n: 9.4596047988313985e-03
      gyr_w: 1.0027386648056569e-04
   x-axis:
      gyr_n: 8.0209327790280917e-03
      gyr_w: 4.4373621411963123e-05
   y-axis:
      gyr_n: 9.9059965746664692e-03
      gyr_w: 1.8464773184976050e-04
   z-axis:
      gyr_n: 1.0451885042799635e-02
      gyr_w: 7.1800246179973430e-05
Acc:
   unit: " m/s^2"
   avg-axis:
      acc_n: 1.2703208888561682e-01
      acc_w: 4.3935838704600288e-04
   x-axis:
      acc_n: 1.3597255951733059e-01
      acc_w: 4.3513510045914416e-04
   y-axis:
      acc_n: 1.2123767613214885e-01
      acc_w: 4.8732631063382991e-04
   z-axis:
      acc_n: 1.2388603100737106e-01
      acc_w: 3.9561375004503461e-04
